{
    "imgs": [
        {
            "C": [
                -19.19096833663464,
                -38.83369984921894,
                203.4038232340118
            ],
            "K": [
                [
                    300.0,
                    0.0,
                    256.0
                ],
                [
                    0.0,
                    300.0,
                    256.0
                ],
                [
                    0.0,
                    0.0,
                    1.0
                ]
            ],
            "R": [
                [
                    0.9867265966193663,
                    -0.148963502819664,
                    0.06465677343989724
                ],
                [
                    -0.13362285328776918,
                    -0.9710515387416235,
                    -0.19799960148131784
                ],
                [
                    0.0922797735324354,
                    0.18673185035023168,
                    -0.978067308247025
                ]
            ],
            "height": 512,
            "width": 512
        },
        {
            "C": [
                -7.398949059844104,
                -14.972072380586976,
                78.42097909218388
            ],
            "K": [
                [
                    300.0,
                    0.0,
                    256.0
                ],
                [
                    0.0,
                    300.0,
                    256.0
                ],
                [
                    0.0,
                    0.0,
                    1.0
                ]
            ],
            "R": [
                [
                    0.9867265966193663,
                    -0.148963502819664,
                    0.06465677343989724
                ],
                [
                    -0.13362285328776918,
                    -0.9710515387416235,
                    -0.19799960148131784
                ],
                [
                    0.09227977353243538,
                    0.1867318503502317,
                    -0.978067308247025
                ]
            ],
            "height": 512,
            "width": 512
        },
        {
            "C": [
                -16.70436895510743,
                -47.77478433618646,
                62.18755019920759
            ],
            "K": [
                [
                    300.0,
                    0.0,
                    256.0
                ],
                [
                    0.0,
                    300.0,
                    256.0
                ],
                [
                    0.0,
                    0.0,
                    1.0
                ]
            ],
            "R": [
                [
                    0.9765494567606163,
                    -0.17074031608212195,
                    0.13114458801156156
                ],
                [
                    -0.05428464667721883,
                    -0.7847377546036041,
                    -0.617446219224657
                ],
                [
                    0.20833707215873662,
                    0.5958476323388983,
                    -0.7756038056897699
                ]
            ],
            "height": 512,
            "width": 512
        },
        {
            "C": [
                -44.20295034470762,
                -36.312916399280354,
                63.60651298546961
            ],
            "K": [
                [
                    300.0,
                    0.0,
                    256.0
                ],
                [
                    0.0,
                    300.0,
                    256.0
                ],
                [
                    0.0,
                    0.0,
                    1.0
                ]
            ],
            "R": [
                [
                    0.9765494567606164,
                    -0.17074031608212198,
                    0.13114458801156156
                ],
                [
                    -0.05428464667721883,
                    -0.7847377546036041,
                    -0.617446219224657
                ],
                [
                    0.20833707215873667,
                    0.5958476323388985,
                    -0.7756038056897699
                ]
            ],
            "height": 512,
            "width": 512
        },
        {
            "C": [
                -65.8238629991634,
                -47.61511705623616,
                49.1160900929515
            ],
            "K": [
                [
                    300.0,
                    0.0,
                    256.0
                ],
                [
                    0.0,
                    300.0,
                    256.0
                ],
                [
                    0.0,
                    0.0,
                    1.0
                ]
            ],
            "R": [
                [
                    0.9765494567606162,
                    -0.17074031608212192,
                    0.1311445880115615
                ],
                [
                    -0.05428464667721883,
                    -0.7847377546036041,
                    -0.617446219224657
                ],
                [
                    0.20833707215873665,
                    0.5958476323388985,
                    -0.7756038056897698
                ]
            ],
            "height": 512,
            "width": 512
        },
        {
            "C": [
                -72.85495849809627,
                -73.4454154625119,
                27.383654183461502
            ],
            "K": [
                [
                    300.0,
                    0.0,
                    256.0
                ],
                [
                    0.0,
                    300.0,
                    256.0
                ],
                [
                    0.0,
                    0.0,
                    1.0
                ]
            ],
            "R": [
                [
                    0.9765494567606162,
                    -0.17074031608212184,
                    0.13114458801156145
                ],
                [
                    -0.05428464667721883,
                    -0.7847377546036041,
                    -0.617446219224657
                ],
                [
                    0.20833707215873656,
                    0.5958476323388984,
                    -0.7756038056897699
                ]
            ],
            "height": 512,
            "width": 512
        },
        {
            "C": [
                -59.757739170290726,
                -93.59025071148966,
                15.42572412851819
            ],
            "K": [
                [
                    300.0,
                    0.0,
                    256.0
                ],
                [
                    0.0,
                    300.0,
                    256.0
                ],
                [
                    0.0,
                    0.0,
                    1.0
                ]
            ],
            "R": [
                [
                    0.9765494567606162,
                    -0.1707403160821218,
                    0.13114458801156137
                ],
                [
                    -0.05428464667721883,
                    -0.7847377546036041,
                    -0.617446219224657
                ],
                [
                    0.20833707215873645,
                    0.5958476323388985,
                    -0.7756038056897699
                ]
            ],
            "height": 512,
            "width": 512
        },
        {
            "C": [
                -23.236634557160798,
                -102.30451749700433,
                18.54113531869357
            ],
            "K": [
                [
                    300.0,
                    0.0,
                    256.0
                ],
                [
                    0.0,
                    300.0,
                    256.0
                ],
                [
                    0.0,
                    0.0,
                    1.0
                ]
            ],
            "R": [
                [
                    0.9765494567606162,
                    -0.1707403160821218,
                    0.13114458801156137
                ],
                [
                    -0.05428464667721883,
                    -0.7847377546036041,
                    -0.617446219224657
                ],
                [
                    0.2083370721587365,
                    0.5958476323388985,
                    -0.77560380568977
                ]
            ],
            "height": 512,
            "width": 512
        },
        {
            "C": [
                48.00083534061408,
                -91.99660680332741,
                1.6430059743558214
            ],
            "K": [
                [
                    300.0,
                    0.0,
                    256.0
                ],
                [
                    0.0,
                    300.0,
                    256.0
                ],
                [
                    0.0,
                    0.0,
                    1.0
                ]
            ],
            "R": [
                [
                    0.7309875642940205,
                    0.37405836731677267,
                    -0.5707341926744932
                ],
                [
                    -0.05540989009176809,
                    -0.8010761242231932,
                    -0.5959922711575759
                ],
                [
                    -0.6801374309119541,
                    0.4672872575192455,
                    -0.5648501518390776
                ]
            ],
            "height": 512,
            "width": 512
        },
        {
            "C": [
                59.00263712461217,
                -82.04872268504282,
                -6.543327401053068
            ],
            "K": [
                [
                    300.0,
                    0.0,
                    256.0
                ],
                [
                    0.0,
                    300.0,
                    256.0
                ],
                [
                    0.0,
                    0.0,
                    1.0
                ]
            ],
            "R": [
                [
                    0.5758257830302868,
                    0.46018486239413675,
                    -0.6757622067124255
                ],
                [
                    -0.01898257376003754,
                    -0.8187990526068264,
                    -0.5737663055143691
                ],
                [
                    -0.8173520229931543,
                    0.3432171380823706,
                    -0.46275011251813314
                ]
            ],
            "height": 512,
            "width": 512
        },
        {
            "C": [
                77.01222124519357,
                -54.07821243186368,
                -17.608071408492542
            ],
            "K": [
                [
                    300.0,
                    0.0,
                    256.0
                ],
                [
                    0.0,
                    300.0,
                    256.0
                ],
                [
                    0.0,
                    0.0,
                    1.0
                ]
            ],
            "R": [
                [
                    0.5758257830302866,
                    0.46018486239413675,
                    -0.6757622067124255
                ],
                [
                    -0.01898257376003754,
                    -0.8187990526068264,
                    -0.5737663055143691
                ],
                [
                    -0.8173520229931545,
                    0.3432171380823706,
                    -0.4627501125181332
                ]
            ],
            "height": 512,
            "width": 512
        },
        {
            "C": [
                103.22123287601838,
                -12.82217956987518,
                -33.30166272945537
            ],
            "K": [
                [
                    300.0,
                    0.0,
                    256.0
                ],
                [
                    0.0,
                    300.0,
                    256.0
                ],
                [
                    0.0,
                    0.0,
                    1.0
                ]
            ],
            "R": [
                [
                    0.5758257830302866,
                    0.46018486239413664,
                    -0.6757622067124254
                ],
                [
                    -0.01898257376003754,
                    -0.8187990526068264,
                    -0.5737663055143691
                ],
                [
                    -0.8173520229931543,
                    0.34321713808237053,
                    -0.4627501125181332
                ]
            ],
            "height": 512,
            "width": 512
        },
        {
            "C": [
                101.98563355099168,
                42.14226421202268,
                -12.958308035543915
            ],
            "K": [
                [
                    300.0,
                    0.0,
                    256.0
                ],
                [
                    0.0,
                    300.0,
                    256.0
                ],
                [
                    0.0,
                    0.0,
                    1.0
                ]
            ],
            "R": [
                [
                    0.6280340431455552,
                    0.43580079953520945,
                    -0.6447099377043287
                ],
                [
                    0.36451264430798047,
                    -0.8967150691499876,
                    -0.2510629739705497
                ],
                [
                    -0.6875345611602742,
                    -0.07732882957736656,
                    -0.7220224922579239
                ]
            ],
            "height": 512,
            "width": 512
        },
        {
            "C": [
                82.86638857909212,
                50.148075631159244,
                -0.632597968620336
            ],
            "K": [
                [
                    300.0,
                    0.0,
                    256.0
                ],
                [
                    0.0,
                    300.0,
                    256.0
                ],
                [
                    0.0,
                    0.0,
                    1.0
                ]
            ],
            "R": [
                [
                    0.753539850249095,
                    0.45156775660870757,
                    -0.47777008621087863
                ],
                [
                    0.4801100186899089,
                    -0.874468256229405,
                    -0.06927942552214805
                ],
                [
                    -0.4490791289295761,
                    -0.1771773970868816,
                    -0.8757488829118599
                ]
            ],
            "height": 512,
            "width": 512
        },
        {
            "C": [
                28.975407910886684,
                93.79934276349334,
                18.171076334488973
            ],
            "K": [
                [
                    300.0,
                    0.0,
                    256.0
                ],
                [
                    0.0,
                    300.0,
                    256.0
                ],
                [
                    0.0,
                    0.0,
                    1.0
                ]
            ],
            "R": [
                [
                    0.753539850249095,
                    0.45156775660870757,
                    -0.47777008621087885
                ],
                [
                    0.4801100186899089,
                    -0.874468256229405,
                    -0.06927942552214805
                ],
                [
                    -0.44907912892957624,
                    -0.17717739708688163,
                    -0.8757488829118599
                ]
            ],
            "height": 512,
            "width": 512
        },
        {
            "C": [
                -3.982589377556847,
                103.90801216752303,
                33.026614530875285
            ],
            "K": [
                [
                    300.0,
                    0.0,
                    256.0
                ],
                [
                    0.0,
                    300.0,
                    256.0
                ],
                [
                    0.0,
                    0.0,
                    1.0
                ]
            ],
            "R": [
                [
                    0.753539850249095,
                    0.45156775660870757,
                    -0.47777008621087874
                ],
                [
                    0.4801100186899089,
                    -0.874468256229405,
                    -0.06927942552214805
                ],
                [
                    -0.44907912892957613,
                    -0.17717739708688163,
                    -0.8757488829118599
                ]
            ],
            "height": 512,
            "width": 512
        },
        {
            "C": [
                -35.66237886526446,
                67.70147943457744,
                39.79005826010483
            ],
            "K": [
                [
                    300.0,
                    0.0,
                    256.0
                ],
                [
                    0.0,
                    300.0,
                    256.0
                ],
                [
                    0.0,
                    0.0,
                    1.0
                ]
            ],
            "R": [
                [
                    0.8932746106479468,
                    0.44297349272645653,
                    0.0763868752697934
                ],
                [
                    0.44625987559624614,
                    -0.853512819206059,
                    -0.2690129938938792
                ],
                [
                    -0.05396844823210962,
                    0.2743908748348774,
                    -0.9601026270158668
                ]
            ],
            "height": 512,
            "width": 512
        },
        {
            "C": [
                -51.88708938520371,
                31.741048132140946,
                30.42481802251679
            ],
            "K": [
                [
                    300.0,
                    0.0,
                    256.0
                ],
                [
                    0.0,
                    300.0,
                    256.0
                ],
                [
                    0.0,
                    0.0,
                    1.0
                ]
            ],
            "R": [
                [
                    0.8932746106479468,
                    0.44297349272645653,
                    0.0763868752697934
                ],
                [
                    0.44625987559624614,
                    -0.853512819206059,
                    -0.2690129938938792
                ],
                [
                    -0.05396844823210962,
                    0.2743908748348774,
                    -0.9601026270158668
                ]
            ],
            "height": 512,
            "width": 512
        },
        {
            "C": [
                -59.57321890501048,
                -15.443211536765808,
                17.371919870535805
            ],
            "K": [
                [
                    300.0,
                    0.0,
                    256.0
                ],
                [
                    0.0,
                    300.0,
                    256.0
                ],
                [
                    0.0,
                    0.0,
                    1.0
                ]
            ],
            "R": [
                [
                    0.8932746106479468,
                    0.44297349272645653,
                    0.07638687526979342
                ],
                [
                    0.44625987559624614,
                    -0.853512819206059,
                    -0.2690129938938792
                ],
                [
                    -0.05396844823210962,
                    0.27439087483487745,
                    -0.9601026270158668
                ]
            ],
            "height": 512,
            "width": 512
        },
        {
            "C": [
                -51.22842607717796,
                -45.82312336608743,
                8.220475163735088
            ],
            "K": [
                [
                    300.0,
                    0.0,
                    256.0
                ],
                [
                    0.0,
                    300.0,
                    256.0
                ],
                [
                    0.0,
                    0.0,
                    1.0
                ]
            ],
            "R": [
                [
                    0.8932746106479468,
                    0.44297349272645653,
                    0.07638687526979339
                ],
                [
                    0.44625987559624614,
                    -0.853512819206059,
                    -0.2690129938938792
                ],
                [
                    -0.05396844823210963,
                    0.2743908748348774,
                    -0.9601026270158668
                ]
            ],
            "height": 512,
            "width": 512
        },
        {
            "C": [
                -5.939675289524927,
                -106.0053245483484,
                -30.444696702060384
            ],
            "K": [
                [
                    300.0,
                    0.0,
                    256.0
                ],
                [
                    0.0,
                    300.0,
                    256.0
                ],
                [
                    0.0,
                    0.0,
                    1.0
                ]
            ],
            "R": [
                [
                    0.880110790544262,
                    0.47459239156980043,
                    -0.012925100835631469
                ],
                [
                    0.2657967633225648,
                    -0.5151008749295538,
                    -0.8148761680488986
                ],
                [
                    -0.39339176017654776,
                    0.7137458584894663,
                    -0.5794909598210588
                ]
            ],
            "height": 512,
            "width": 512
        },
        {
            "C": [
                -4.4113359251413,
                -120.22165547041342,
                -61.714358704666516
            ],
            "K": [
                [
                    300.0,
                    0.0,
                    256.0
                ],
                [
                    0.0,
                    300.0,
                    256.0
                ],
                [
                    0.0,
                    0.0,
                    1.0
                ]
            ],
            "R": [
                [
                    0.9065183194835337,
                    0.4220152403384808,
                    0.011299263816919557
                ],
                [
                    0.09003817674771532,
                    -0.16712062794965662,
                    -0.9818165930771692
                ],
                [
                    -0.4124532254313175,
                    0.8910520931100308,
                    -0.1894953935997813
                ]
            ],
            "height": 512,
            "width": 512
        },
        {
            "C": [
                -28.73285354263237,
                -129.15071523902833,
                -50.7630054660113
            ],
            "K": [
                [
                    300.0,
                    0.0,
                    256.0
                ],
                [
                    0.0,
                    300.0,
                    256.0
                ],
                [
                    0.0,
                    0.0,
                    1.0
                ]
            ],
            "R": [
                [
                    0.9065183194835336,
                    0.42201524033848087,
                    0.011299263816919543
                ],
                [
                    0.09003817674771532,
                    -0.16712062794965662,
                    -0.9818165930771692
                ],
                [
                    -0.41245322543131757,
                    0.8910520931100306,
                    -0.18949539359978126
                ]
            ],
            "height": 512,
            "width": 512
        },
        {
            "C": [
                -114.73924464332185,
                -132.88735203354423,
                -12.353734367615306
            ],
            "K": [
                [
                    300.0,
                    0.0,
                    256.0
                ],
                [
                    0.0,
                    300.0,
                    256.0
                ],
                [
                    0.0,
                    0.0,
                    1.0
                ]
            ],
            "R": [
                [
                    0.9423450606101448,
                    -0.24192245917193672,
                    0.23121269535184463
                ],
                [
                    0.0802437306654016,
                    -0.5074104665738308,
                    -0.8579601168470629
                ],
                [
                    0.32487956296535614,
                    0.8270478475635674,
                    -0.45874298622203397
                ]
            ],
            "height": 512,
            "width": 512
        },
        {
            "C": [
                -146.49763571623663,
                -106.99046919552,
                -11.008220869440223
            ],
            "K": [
                [
                    300.0,
                    0.0,
                    256.0
                ],
                [
                    0.0,
                    300.0,
                    256.0
                ],
                [
                    0.0,
                    0.0,
                    1.0
                ]
            ],
            "R": [
                [
                    0.6910144039825481,
                    -0.5744161620663175,
                    0.43879968806466324
                ],
                [
                    -0.05196672075412368,
                    -0.6449557612925986,
                    -0.7624509990219356
                ],
                [
                    0.7209705634925094,
                    0.5040616417983883,
                    -0.4755242452754714
                ]
            ],
            "height": 512,
            "width": 512
        },
        {
            "C": [
                -134.09755139970414,
                -98.75313334705494,
                16.523962692067265
            ],
            "K": [
                [
                    300.0,
                    0.0,
                    256.0
                ],
                [
                    0.0,
                    300.0,
                    256.0
                ],
                [
                    0.0,
                    0.0,
                    1.0
                ]
            ],
            "R": [
                [
                    0.6910144039825482,
                    -0.5744161620663173,
                    0.43879968806466313
                ],
                [
                    -0.05196672075412368,
                    -0.6449557612925986,
                    -0.7624509990219356
                ],
                [
                    0.7209705634925093,
                    0.5040616417983883,
                    -0.4755242452754715
                ]
            ],
            "height": 512,
            "width": 512
        },
        {
            "C": [
                -110.80414023800532,
                -63.63512056978732,
                15.630696909004957
            ],
            "K": [
                [
                    300.0,
                    0.0,
                    256.0
                ],
                [
                    0.0,
                    300.0,
                    256.0
                ],
                [
                    0.0,
                    0.0,
                    1.0
                ]
            ],
            "R": [
                [
                    0.6910144039825482,
                    -0.5744161620663175,
                    0.43879968806466324
                ],
                [
                    -0.05196672075412368,
                    -0.6449557612925986,
                    -0.7624509990219356
                ],
                [
                    0.7209705634925094,
                    0.5040616417983883,
                    -0.4755242452754716
                ]
            ],
            "height": 512,
            "width": 512
        },
        {
            "C": [
                -49.707344965126694,
                -89.81572731392839,
                25.00495870170492
            ],
            "K": [
                [
                    300.0,
                    0.0,
                    256.0
                ],
                [
                    0.0,
                    300.0,
                    256.0
                ],
                [
                    0.0,
                    0.0,
                    1.0
                ]
            ],
            "R": [
                [
                    0.9434437528476225,
                    0.214068913599297,
                    -0.25315683961372787
                ],
                [
                    -0.08536009793123814,
                    -0.5810062033135535,
                    -0.8094105542877108
                ],
                [
                    -0.32035533223900525,
                    0.7852428235530627,
                    -0.5298737294530179
                ]
            ],
            "height": 512,
            "width": 512
        },
        {
            "C": [
                8.518120828250765,
                -86.87436842889626,
                -5.83853584164034
            ],
            "K": [
                [
                    300.0,
                    0.0,
                    256.0
                ],
                [
                    0.0,
                    300.0,
                    256.0
                ],
                [
                    0.0,
                    0.0,
                    1.0
                ]
            ],
            "R": [
                [
                    0.9434437528476225,
                    0.21406891359929706,
                    -0.25315683961372787
                ],
                [
                    -0.08536009793123814,
                    -0.5810062033135535,
                    -0.8094105542877108
                ],
                [
                    -0.32035533223900525,
                    0.7852428235530629,
                    -0.5298737294530178
                ]
            ],
            "height": 512,
            "width": 512
        },
        {
            "C": [
                36.021113901035406,
                -84.61798280345104,
                -19.122681615609576
            ],
            "K": [
                [
                    300.0,
                    0.0,
                    256.0
                ],
                [
                    0.0,
                    300.0,
                    256.0
                ],
                [
                    0.0,
                    0.0,
                    1.0
                ]
            ],
            "R": [
                [
                    0.9434437528476227,
                    0.214068913599297,
                    -0.25315683961372787
                ],
                [
                    -0.08536009793123814,
                    -0.5810062033135535,
                    -0.8094105542877108
                ],
                [
                    -0.32035533223900525,
                    0.785242823553063,
                    -0.5298737294530179
                ]
            ],
            "height": 512,
            "width": 512
        },
        {
            "C": [
                57.8627523354001,
                -79.30793855779436,
                -24.45869101457824
            ],
            "K": [
                [
                    300.0,
                    0.0,
                    256.0
                ],
                [
                    0.0,
                    300.0,
                    256.0
                ],
                [
                    0.0,
                    0.0,
                    1.0
                ]
            ],
            "R": [
                [
                    0.9434437528476227,
                    0.214068913599297,
                    -0.25315683961372787
                ],
                [
                    -0.08536009793123814,
                    -0.5810062033135535,
                    -0.8094105542877108
                ],
                [
                    -0.32035533223900525,
                    0.785242823553063,
                    -0.5298737294530179
                ]
            ],
            "height": 512,
            "width": 512
        }
    ]
}
